                            OLS Regression Results                            
==============================================================================
Dep. Variable:              price_doc   R-squared:                       0.628
Model:                            OLS   Adj. R-squared:                  0.627
Method:                 Least Squares   F-statistic:                     1119.
Date:                Wed, 22 Nov 2023   Prob (F-statistic):               0.00
Time:                        10:31:27   Log-Likelihood:            -3.2352e+06
No. Observations:              181507   AIC:                         6.471e+06
Df Residuals:                  181233   BIC:                         6.474e+06
Df Model:                         273                                         
Covariance Type:            nonrobust                                         
=========================================================================================================
                                            coef    std err          t      P>|t|      [0.025      0.975]
---------------------------------------------------------------------------------------------------------
const                                  2.126e+05    5.6e+04      3.794      0.000    1.03e+05    3.22e+05
full_sq                                 952.9522     51.304     18.575      0.000     852.398    1053.506
life_sq                                 290.0141     32.647      8.883      0.000     226.027     354.001
floor                                  6.111e+04   3254.043     18.779      0.000    5.47e+04    6.75e+04
area_m                                    0.0008      0.001      0.695      0.487      -0.002       0.003
raion_popul                               3.5450      1.107      3.201      0.001       1.375       5.715
green_zone_part                        4.489e+05   2.26e+05      1.983      0.047    5165.009    8.93e+05
indust_part                           -1.079e+05   3.23e+05     -0.334      0.738    -7.4e+05    5.24e+05
children_preschool                       80.5295     14.316      5.625      0.000      52.470     108.589
preschool_education_centers_raion      1.259e+05   1.84e+04      6.860      0.000    8.99e+04    1.62e+05
children_school                         -37.1122     14.367     -2.583      0.010     -65.271      -8.954
school_education_centers_raion         2.305e+04   1.61e+04      1.434      0.151   -8446.210    5.46e+04
school_education_centers_top_20_raion  1.088e+06   8.61e+04     12.639      0.000    9.19e+05    1.26e+06
healthcare_centers_raion               1.693e+05   2.66e+04      6.368      0.000    1.17e+05    2.21e+05
university_top_20_raion                 3.13e+05   7.04e+04      4.447      0.000    1.75e+05    4.51e+05
sport_objects_raion                    1.313e+04   7651.349      1.716      0.086   -1866.524    2.81e+04
additional_education_raion            -4.543e+04   1.28e+04     -3.563      0.000   -7.04e+04   -2.04e+04
culture_objects_top_25_raion          -1496.0130   2.56e+04     -0.059      0.953   -5.16e+04    4.86e+04
shopping_centers_raion                -2.566e+04   9757.671     -2.630      0.009   -4.48e+04   -6534.532
office_raion                           5132.9817   1848.971      2.776      0.006    1509.040    8756.923
full_all                                 -0.0050      0.151     -0.033      0.974      -0.301       0.291
male_f                                    1.9973      0.332      6.010      0.000       1.346       2.649
female_f                                  0.7450      0.275      2.710      0.007       0.206       1.284
young_all                                 4.4608      6.780      0.658      0.511      -8.828      17.749
young_male                              -10.6900     13.145     -0.813      0.416     -36.454      15.074
young_female                             60.6204     13.947      4.346      0.000      33.284      87.956
work_all                                  1.5200      1.684      0.903      0.367      -1.780       4.820
work_male                                -9.9748      3.343     -2.984      0.003     -16.527      -3.423
work_female                              -7.0280      3.316     -2.120      0.034     -13.526      -0.529
ekder_all                                 7.7023      4.579      1.682      0.093      -1.273      16.677
ekder_male                               51.4094     13.386      3.841      0.000      25.174      77.645
ekder_female                             28.7228      6.923      4.149      0.000      15.153      42.293
0_6_all                                   0.0034     14.336      0.000      1.000     -28.096      28.102
0_6_male                                 21.6973     27.663      0.784      0.433     -32.522      75.917
0_6_female                              135.2160     29.774      4.541      0.000      76.860     193.572
7_14_all                                 -5.9025     14.375     -0.411      0.681     -34.077      22.272
7_14_male                                 2.3508     28.020      0.084      0.933     -52.567      57.269
7_14_female                             -46.6657     29.200     -1.598      0.110    -103.896      10.565
0_17_all                                 11.5377      6.140      1.879      0.060      -0.497      23.573
0_17_male                                19.1607     11.859      1.616      0.106      -4.082      42.404
0_17_female                             -22.5326     12.526     -1.799      0.072     -47.084       2.018
16_29_all                                 1.6173      0.704      2.298      0.022       0.238       2.997
16_29_male                               -4.9358      1.488     -3.317      0.001      -7.853      -2.019
16_29_female                              5.0550      1.341      3.770      0.000       2.427       7.683
0_13_all                                 -7.7215      7.659     -1.008      0.313     -22.733       7.290
0_13_male                               -38.9525     14.917     -2.611      0.009     -68.190      -9.715
0_13_female                             -31.3632     15.813     -1.983      0.047     -62.355      -0.371
raion_build_count_with_material_info   -536.0009    164.006     -3.268      0.001    -857.449    -214.553
build_count_block                     -2282.1254    912.253     -2.502      0.012   -4070.121    -494.130
build_count_wood                        603.4439    325.078      1.856      0.063     -33.702    1240.590
build_count_frame                      6579.1869   2323.456      2.832      0.005    2025.266    1.11e+04
build_count_brick                       -24.0971    351.847     -0.068      0.945    -713.709     665.514
build_count_monolith                   2.021e+04   1824.503     11.079      0.000    1.66e+04    2.38e+04
build_count_panel                     -2298.9405    564.370     -4.073      0.000   -3405.092   -1192.789
build_count_foam                       5.859e+04   2.22e+04      2.644      0.008    1.52e+04    1.02e+05
build_count_slag                       5161.0450   3090.621      1.670      0.095    -896.501    1.12e+04
build_count_mix                        7.197e+04   2.69e+04      2.675      0.007    1.92e+04    1.25e+05
raion_build_count_with_builddate_info -1544.8678    162.955     -9.480      0.000   -1864.257   -1225.479
build_count_before_1920                -362.5721    637.102     -0.569      0.569   -1611.277     886.133
build_count_1921-1945                   561.6241    685.555      0.819      0.413    -782.048    1905.296
build_count_1946-1970                   233.3790    292.941      0.797      0.426    -340.779     807.537
build_count_1971-1995                 -7847.3318    844.338     -9.294      0.000   -9502.215   -6192.449
build_count_after_1995                 1550.3262    332.998      4.656      0.000     897.657    2202.995
ID_metro                               2268.5750    697.158      3.254      0.001     902.162    3634.989
metro_min_avto                         5191.2052   4306.428      1.205      0.228   -3249.296    1.36e+04
metro_km_avto                          1.183e+04   3606.977      3.280      0.001    4759.577    1.89e+04
metro_min_walk                        -1394.9747    379.131     -3.679      0.000   -2138.063    -651.887
metro_km_walk                         -3116.2503   4573.353     -0.681      0.496   -1.21e+04    5847.418
kindergarten_km                        4.176e+04   8815.322      4.737      0.000    2.45e+04     5.9e+04
school_km                             -1.404e+04   5779.672     -2.430      0.015   -2.54e+04   -2716.518
park_km                                2.083e+04   5674.813      3.671      0.000    9711.071     3.2e+04
green_zone_km                          1.117e+06   1.09e+05     10.272      0.000    9.04e+05    1.33e+06
industrial_km                          2.629e+05   1.87e+04     14.037      0.000    2.26e+05       3e+05
water_treatment_km                    -2.689e+04   5005.753     -5.371      0.000   -3.67e+04   -1.71e+04
cemetery_km                            6.276e+04   1.52e+04      4.138      0.000     3.3e+04    9.25e+04
incineration_km                        7604.3102   4463.382      1.704      0.088   -1143.815    1.64e+04
railroad_station_walk_km               1.116e+04   1.03e+04      1.086      0.277   -8977.662    3.13e+04
railroad_station_walk_min             -1721.5437    850.889     -2.023      0.043   -3389.267     -53.821
ID_railroad_station_walk              -2894.1763   1430.782     -2.023      0.043   -5698.476     -89.876
railroad_station_avto_km               2.064e+04   1.02e+04      2.018      0.044     588.493    4.07e+04
railroad_station_avto_min              2.463e+04   6643.300      3.708      0.000    1.16e+04    3.77e+04
ID_railroad_station_avto              -2810.7608   1213.275     -2.317      0.021   -5188.751    -432.770
public_transport_station_km            2.778e+04   1.48e+04      1.872      0.061   -1307.967    5.69e+04
public_transport_station_min_walk      5062.1237   1237.964      4.089      0.000    2635.742    7488.505
water_km                               5.064e+05   6.83e+04      7.414      0.000    3.73e+05     6.4e+05
mkad_km                               -3.452e+04   5050.413     -6.835      0.000   -4.44e+04   -2.46e+04
ttk_km                                -1.569e+04   4110.142     -3.816      0.000   -2.37e+04   -7630.432
sadovoe_km                             2.169e+04   3990.366      5.437      0.000    1.39e+04    2.95e+04
bulvar_ring_km                         3173.0235   3927.449      0.808      0.419   -4524.686    1.09e+04
kremlin_km                             1.177e+04   3874.651      3.037      0.002    4174.049    1.94e+04
big_road1_km                           4278.7895   2.75e+04      0.155      0.876   -4.97e+04    5.82e+04
ID_big_road1                           9182.0677   3571.876      2.571      0.010    2181.272    1.62e+04
big_road2_km                           8.704e+04   1.63e+04      5.335      0.000    5.51e+04    1.19e+05
ID_big_road2                          -4573.0706   2410.124     -1.897      0.058   -9296.858     150.717
railroad_km                            1.934e+04   1.46e+04      1.321      0.186   -9345.204     4.8e+04
zd_vokzaly_avto_km                    -1.312e+04   3017.489     -4.348      0.000    -1.9e+04   -7205.076
ID_railroad_terminal                   5570.3420   1318.609      4.224      0.000    2985.899    8154.785
bus_terminal_avto_km                   6709.7225   3507.217      1.913      0.056    -164.343    1.36e+04
ID_bus_terminal                       -2.323e+04   1.14e+04     -2.042      0.041   -4.55e+04    -930.525
oil_chemistry_km                       8474.9114   3670.435      2.309      0.021    1280.943    1.57e+04
nuclear_reactor_km                    -3.011e+04   4134.912     -7.282      0.000   -3.82e+04    -2.2e+04
radiation_km                           4503.8296   5071.878      0.888      0.375   -5436.935    1.44e+04
power_transmission_line_km            -1630.8247   6191.017     -0.263      0.792   -1.38e+04    1.05e+04
thermal_power_plant_km                 1.741e+04   4817.560      3.614      0.000    7969.192    2.69e+04
ts_km                                 -5983.8119   5006.662     -1.195      0.232   -1.58e+04    3829.131
big_market_km                         -1.281e+04   4097.808     -3.126      0.002   -2.08e+04   -4779.238
market_shop_km                          624.3492   6343.069      0.098      0.922   -1.18e+04    1.31e+04
fitness_km                             2.839e+04   9804.404      2.896      0.004    9173.939    4.76e+04
swim_pool_km                          -2.333e+04   4992.171     -4.673      0.000   -3.31e+04   -1.35e+04
ice_rink_km                           -8891.9371   5484.445     -1.621      0.105   -1.96e+04    1857.450
stadium_km                             5545.4418   3231.401      1.716      0.086    -788.029    1.19e+04
basketball_km                          2.889e+04   4850.967      5.956      0.000    1.94e+04    3.84e+04
hospice_morgue_km                      2.146e+04   6191.503      3.466      0.001    9322.018    3.36e+04
detention_facility_km                  5044.4919   2971.300      1.698      0.090    -779.188    1.09e+04
public_healthcare_km                    315.6925   3540.508      0.089      0.929   -6623.621    7255.006
university_km                          6789.8183   3164.378      2.146      0.032     587.710     1.3e+04
workplaces_km                         -1.648e+04   4891.279     -3.369      0.001   -2.61e+04   -6892.837
shopping_centers_km                   -3.167e+04   9816.763     -3.226      0.001   -5.09e+04   -1.24e+04
office_km                             -3.043e+04   1.28e+04     -2.382      0.017   -5.55e+04   -5393.586
additional_education_km                4.614e+04   1.09e+04      4.236      0.000    2.48e+04    6.75e+04
preschool_km                          -5257.1743   5761.980     -0.912      0.362   -1.66e+04    6036.175
big_church_km                          7116.7814   5933.564      1.199      0.230   -4512.868    1.87e+04
church_synagogue_km                    1.535e+05   1.67e+04      9.202      0.000    1.21e+05    1.86e+05
mosque_km                              3064.7321   5750.373      0.533      0.594   -8205.867    1.43e+04
theater_km                             7866.7861   3023.963      2.601      0.009    1939.889    1.38e+04
museum_km                             -1.121e+04   4484.795     -2.499      0.012      -2e+04   -2417.695
exhibition_km                           666.6969   4965.150      0.134      0.893   -9064.884    1.04e+04
catering_km                            1.615e+05    1.9e+04      8.476      0.000    1.24e+05    1.99e+05
green_part_500                         2.085e+04   2179.164      9.570      0.000    1.66e+04    2.51e+04
prom_part_500                           2.16e+04   2335.333      9.247      0.000     1.7e+04    2.62e+04
office_count_500                        2.22e+04   7853.822      2.826      0.005    6804.342    3.76e+04
office_sqm_500                            1.4036      0.415      3.381      0.001       0.590       2.217
trc_count_500                         -2.463e+04    2.8e+04     -0.881      0.379   -7.95e+04    3.02e+04
trc_sqm_500                               1.2148      0.179      6.791      0.000       0.864       1.565
cafe_count_500                         8040.5334   2259.460      3.559      0.000    3612.044    1.25e+04
cafe_count_500_na_price                3.139e+04   2.03e+04      1.546      0.122   -8404.330    7.12e+04
cafe_count_500_price_500               1.206e+04   8137.430      1.482      0.138   -3891.277     2.8e+04
cafe_count_500_price_1000               5.28e+04   6894.033      7.659      0.000    3.93e+04    6.63e+04
cafe_count_500_price_1500              7.669e+04   9293.197      8.253      0.000    5.85e+04    9.49e+04
cafe_count_500_price_2500             -2.135e+04   1.23e+04     -1.737      0.082   -4.54e+04    2745.598
cafe_count_500_price_4000              1.139e+05   1.92e+04      5.919      0.000    7.62e+04    1.52e+05
cafe_count_500_price_high              8.769e+05   8.71e+04     10.072      0.000    7.06e+05    1.05e+06
big_church_count_500                   5.852e+04   2.43e+04      2.413      0.016     1.1e+04    1.06e+05
church_count_500                       2.701e+04   1.56e+04      1.727      0.084   -3646.216    5.77e+04
mosque_count_500                       3.046e+06   2.53e+05     12.032      0.000    2.55e+06    3.54e+06
leisure_count_500                      5.419e+05    2.9e+04     18.653      0.000    4.85e+05    5.99e+05
sport_count_500                        4.111e+04   2.03e+04      2.030      0.042    1413.129    8.08e+04
market_count_500                       3.314e+05   5.94e+04      5.581      0.000    2.15e+05    4.48e+05
green_part_1000                        2.763e+04   2414.049     11.444      0.000    2.29e+04    3.24e+04
prom_part_1000                         1.576e+04   3190.808      4.938      0.000    9502.801     2.2e+04
office_count_1000                       2.58e+04   2969.755      8.687      0.000       2e+04    3.16e+04
office_sqm_1000                           1.1127      0.119      9.322      0.000       0.879       1.347
trc_count_1000                        -6.975e+04   1.25e+04     -5.596      0.000   -9.42e+04   -4.53e+04
trc_sqm_1000                              0.9675      0.169      5.726      0.000       0.636       1.299
cafe_count_1000                         137.5024    616.855      0.223      0.824   -1071.518    1346.523
cafe_count_1000_na_price               2.895e+04   9436.100      3.068      0.002    1.05e+04    4.74e+04
cafe_count_1000_price_500             -4803.6956   2455.005     -1.957      0.050   -9615.449       8.058
cafe_count_1000_price_1000             5167.6332   2565.119      2.015      0.044     140.058    1.02e+04
cafe_count_1000_price_1500             2.071e+04   2648.855      7.820      0.000    1.55e+04    2.59e+04
cafe_count_1000_price_2500            -4874.1721   3500.042     -1.393      0.164   -1.17e+04    1985.829
cafe_count_1000_price_4000            -1441.6029   6835.064     -0.211      0.833   -1.48e+04     1.2e+04
cafe_count_1000_price_high              4.77e+05    3.8e+04     12.547      0.000    4.02e+05    5.52e+05
big_church_count_1000                  7.221e+04      1e+04      7.202      0.000    5.26e+04    9.19e+04
church_count_1000                     -2.311e+04   7075.848     -3.266      0.001    -3.7e+04   -9243.103
mosque_count_1000                      2.211e+06   2.17e+05     10.168      0.000    1.78e+06    2.64e+06
leisure_count_1000                     1.174e+05   9099.059     12.906      0.000    9.96e+04    1.35e+05
sport_count_1000                       8617.1350   9736.319      0.885      0.376   -1.05e+04    2.77e+04
market_count_1000                      3.481e+05   3.91e+04      8.906      0.000    2.71e+05    4.25e+05
green_part_1500                         1.49e+04   2723.359      5.471      0.000    9560.669    2.02e+04
prom_part_1500                        -6084.0835   3752.363     -1.621      0.105   -1.34e+04    1270.461
office_count_1500                       643.8676   1592.079      0.404      0.686   -2476.570    3764.305
office_sqm_1500                           0.3042      0.088      3.467      0.001       0.132       0.476
trc_count_1500                         5.734e+04   9218.055      6.221      0.000    3.93e+04    7.54e+04
trc_sqm_1500                              0.0664      0.153      0.434      0.664      -0.233       0.366
cafe_count_1500                        -797.8468    352.614     -2.263      0.024   -1488.962    -106.731
cafe_count_1500_na_price              -1.745e+04   5034.650     -3.467      0.001   -2.73e+04   -7586.904
cafe_count_1500_price_500              -790.9967   1412.322     -0.560      0.575   -3559.116    1977.123
cafe_count_1500_price_1000             -679.3243   1549.299     -0.438      0.661   -3715.915    2357.266
cafe_count_1500_price_1500             1736.8477   1503.860      1.155      0.248   -1210.684    4684.379
cafe_count_1500_price_2500             8099.7976   2174.857      3.724      0.000    3837.127    1.24e+04
cafe_count_1500_price_4000            -1.075e+04   4665.873     -2.303      0.021   -1.99e+04   -1601.218
cafe_count_1500_price_high             3.822e+04   2.24e+04      1.704      0.088   -5738.987    8.22e+04
big_church_count_1500                  8874.3830   6130.074      1.448      0.148   -3140.422    2.09e+04
church_count_1500                      1.619e+04   3628.392      4.462      0.000    9078.627    2.33e+04
mosque_count_1500                      1.605e+06   1.95e+05      8.245      0.000    1.22e+06    1.99e+06
leisure_count_1500                     3.949e+04   6177.535      6.392      0.000    2.74e+04    5.16e+04
sport_count_1500                       9356.3801   6633.608      1.410      0.158   -3645.339    2.24e+04
market_count_1500                      9.447e+04   3.21e+04      2.943      0.003    3.16e+04    1.57e+05
green_part_2000                       -1.435e+04   3156.521     -4.545      0.000   -2.05e+04   -8160.921
prom_part_2000                         -946.6914   4213.399     -0.225      0.822   -9204.856    7311.473
office_count_2000                     -4676.1139   1097.741     -4.260      0.000   -6827.662   -2524.566
office_sqm_2000                           0.2295      0.070      3.286      0.001       0.093       0.366
trc_count_2000                        -5715.5703   6756.504     -0.846      0.398    -1.9e+04    7527.022
trc_sqm_2000                              0.6837      0.100      6.862      0.000       0.488       0.879
cafe_count_2000                        -521.7105    247.834     -2.105      0.035   -1007.460     -35.961
cafe_sum_2000_min_price_avg              45.9161    143.416      0.320      0.749    -235.177     327.009
cafe_sum_2000_max_price_avg             577.4985     90.784      6.361      0.000     399.564     755.433
cafe_avg_price_2000                     172.8285    111.112      1.555      0.120     -44.948     390.605
cafe_count_2000_na_price              -1956.0551   3917.264     -0.499      0.618   -9633.804    5721.693
cafe_count_2000_price_500              -973.6325    990.515     -0.983      0.326   -2915.020     967.755
cafe_count_2000_price_1000            -4399.2086   1047.263     -4.201      0.000   -6451.820   -2346.597
cafe_count_2000_price_1500            -5264.2169   1049.970     -5.014      0.000   -7322.134   -3206.299
cafe_count_2000_price_2500            -2427.2410   1625.687     -1.493      0.135   -5613.551     759.069
cafe_count_2000_price_4000            -1.982e+04   3358.033     -5.901      0.000   -2.64e+04   -1.32e+04
cafe_count_2000_price_high             8.249e+04   1.68e+04      4.911      0.000    4.96e+04    1.15e+05
big_church_count_2000                  9998.1679   3895.725      2.566      0.010    2362.637    1.76e+04
church_count_2000                      -241.5351   2508.689     -0.096      0.923   -5158.509    4675.439
mosque_count_2000                     -1.215e+06   1.64e+05     -7.398      0.000   -1.54e+06   -8.93e+05
leisure_count_2000                    -6151.5573   4926.893     -1.249      0.212   -1.58e+04    3505.040
sport_count_2000                       4.549e+04   4699.084      9.680      0.000    3.63e+04    5.47e+04
market_count_2000                     -4.214e+04   2.75e+04     -1.534      0.125    -9.6e+04    1.17e+04
green_part_3000                       -3611.6744   3216.994     -1.123      0.262   -9916.909    2693.560
prom_part_3000                         2.089e+04   5107.537      4.089      0.000    1.09e+04    3.09e+04
office_count_3000                     -1391.2247    558.776     -2.490      0.013   -2486.413    -296.036
office_sqm_3000                           0.0514      0.043      1.209      0.227      -0.032       0.135
trc_count_3000                         8707.9612   3889.411      2.239      0.025    1084.805    1.63e+04
trc_sqm_3000                              0.1117      0.084      1.326      0.185      -0.053       0.277
cafe_count_3000                         368.6868    151.660      2.431      0.015      71.437     665.937
cafe_sum_3000_min_price_avg             197.1227    174.803      1.128      0.259    -145.488     539.733
cafe_sum_3000_max_price_avg             253.2350    108.373      2.337      0.019      40.826     465.644
cafe_avg_price_3000                     352.8852    132.984      2.654      0.008      92.239     613.531
cafe_count_3000_na_price              -7474.9524   2302.611     -3.246      0.001    -1.2e+04   -2961.887
cafe_count_3000_price_500             -1539.5096    612.082     -2.515      0.012   -2739.175    -339.844
cafe_count_3000_price_1000            -1392.5225    622.131     -2.238      0.025   -2611.886    -173.159
cafe_count_3000_price_1500            -1658.9777    616.207     -2.692      0.007   -2866.730    -451.225
cafe_count_3000_price_2500            -2073.4237   1028.030     -2.017      0.044   -4088.338     -58.509
cafe_count_3000_price_4000            -5537.2562   2386.644     -2.320      0.020   -1.02e+04    -859.489
cafe_count_3000_price_high             2439.9777   1.16e+04      0.210      0.833   -2.03e+04    2.52e+04
big_church_count_3000                 -6041.3731   2654.766     -2.276      0.023   -1.12e+04    -838.093
church_count_3000                      -865.5894   1660.909     -0.521      0.602   -4120.933    2389.754
mosque_count_3000                     -4.626e+05   9.74e+04     -4.750      0.000   -6.54e+05   -2.72e+05
leisure_count_3000                    -8094.9621   3215.219     -2.518      0.012   -1.44e+04   -1793.206
sport_count_3000                       7820.4153   2564.915      3.049      0.002    2793.242    1.28e+04
market_count_3000                     -4.115e+04   2.02e+04     -2.033      0.042   -8.08e+04   -1469.158
green_part_5000                        1.102e+04   3313.988      3.324      0.001    4520.591    1.75e+04
prom_part_5000                        -3.224e+04   7606.475     -4.239      0.000   -4.72e+04   -1.73e+04
office_count_5000                      -389.1409    341.819     -1.138      0.255   -1059.099     280.817
office_sqm_5000                           0.0771      0.021      3.754      0.000       0.037       0.117
trc_count_5000                         3964.9903   2173.326      1.824      0.068    -294.678    8224.659
trc_sqm_5000                              0.1890      0.049      3.821      0.000       0.092       0.286
cafe_count_5000                        -343.9704    103.392     -3.327      0.001    -546.616    -141.325
cafe_sum_5000_min_price_avg             215.3918    172.222      1.251      0.211    -122.159     552.943
cafe_sum_5000_max_price_avg              -9.7361    109.017     -0.089      0.929    -223.408     203.936
cafe_avg_price_5000                     453.2786    133.074      3.406      0.001     192.457     714.100
cafe_count_5000_na_price               1019.6511   1557.870      0.655      0.513   -2033.738    4073.040
cafe_count_5000_price_500              -491.0033    416.393     -1.179      0.238   -1307.125     325.118
cafe_count_5000_price_1000             -792.2567    419.904     -1.887      0.059   -1615.260      30.746
cafe_count_5000_price_1500             -256.9154    421.773     -0.609      0.542   -1083.580     569.749
cafe_count_5000_price_2500             -250.6209    719.076     -0.349      0.727   -1659.994    1158.752
cafe_count_5000_price_4000              446.4073   1799.802      0.248      0.804   -3081.163    3973.978
cafe_count_5000_price_high             3668.4939   8550.418      0.429      0.668   -1.31e+04    2.04e+04
big_church_count_5000                   966.7688   1736.958      0.557      0.578   -2437.630    4371.167
church_count_5000                      2575.5535   1068.111      2.411      0.016     482.081    4669.026
mosque_count_5000                      2.927e+05   7.51e+04      3.898      0.000    1.46e+05     4.4e+05
leisure_count_5000                     2240.9610   2529.572      0.886      0.376   -2716.942    7198.864
sport_count_5000                       1305.9674   1191.121      1.096      0.273   -1028.603    3640.538
market_count_5000                      5.221e+04   1.04e+04      5.013      0.000    3.18e+04    7.26e+04
product_type_Investment               -3.077e+05   5.22e+04     -5.893      0.000    -4.1e+05   -2.05e+05
product_type_OwnerOccupier             5.203e+05   5.41e+04      9.612      0.000    4.14e+05    6.26e+05
culture_objects_top_25_no             -3.616e+05   6.47e+04     -5.589      0.000   -4.88e+05   -2.35e+05
culture_objects_top_25_yes             5.742e+05    7.3e+04      7.862      0.000    4.31e+05    7.17e+05
thermal_power_plant_raion_no           1.161e+05   6.05e+04      1.920      0.055   -2401.480    2.35e+05
thermal_power_plant_raion_yes          9.647e+04    6.8e+04      1.418      0.156   -3.69e+04     2.3e+05
incineration_raion_no                 -4.765e+05   7.04e+04     -6.769      0.000   -6.15e+05   -3.39e+05
incineration_raion_yes                 6.891e+05   7.76e+04      8.878      0.000    5.37e+05    8.41e+05
oil_chemistry_raion_no                -3.611e+05   7.36e+04     -4.905      0.000   -5.05e+05   -2.17e+05
oil_chemistry_raion_yes                5.737e+05   8.13e+04      7.059      0.000    4.14e+05    7.33e+05
radiation_raion_no                     2.648e+05   4.88e+04      5.422      0.000    1.69e+05    3.61e+05
radiation_raion_yes                   -5.222e+04   4.96e+04     -1.054      0.292   -1.49e+05    4.49e+04
railroad_terminal_raion_no            -1.803e+05   6.63e+04     -2.719      0.007    -3.1e+05   -5.03e+04
railroad_terminal_raion_yes            3.929e+05   7.49e+04      5.246      0.000    2.46e+05     5.4e+05
big_market_raion_no                   -2.955e+05   6.28e+04     -4.707      0.000   -4.19e+05   -1.72e+05
big_market_raion_yes                   5.081e+05   6.99e+04      7.267      0.000    3.71e+05    6.45e+05
nuclear_reactor_raion_no              -4.229e+05   6.48e+04     -6.530      0.000    -5.5e+05   -2.96e+05
nuclear_reactor_raion_yes              6.355e+05   7.44e+04      8.537      0.000     4.9e+05    7.81e+05
detention_facility_raion_no            1.934e+05   5.68e+04      3.403      0.001     8.2e+04    3.05e+05
detention_facility_raion_yes           1.923e+04   6.42e+04      0.300      0.764   -1.07e+05    1.45e+05
water_1line_no                        -3.188e+05   5.88e+04     -5.425      0.000   -4.34e+05   -2.04e+05
water_1line_yes                        5.314e+05   6.49e+04      8.182      0.000    4.04e+05    6.59e+05
big_road1_1line_no                    -3.773e+05   6.32e+04     -5.970      0.000   -5.01e+05   -2.53e+05
big_road1_1line_yes                    5.899e+05      7e+04      8.429      0.000    4.53e+05    7.27e+05
railroad_1line_no                      -1.22e+05   6.29e+04     -1.939      0.053   -2.45e+05    1339.018
railroad_1line_yes                     3.346e+05   7.08e+04      4.729      0.000    1.96e+05    4.73e+05
ecology_excellent                     -4.534e+05      1e+05     -4.515      0.000    -6.5e+05   -2.57e+05
ecology_good                            6.22e+05   8.14e+04      7.645      0.000    4.62e+05    7.81e+05
ecology_no data                       -9.036e+05    1.2e+05     -7.554      0.000   -1.14e+06   -6.69e+05
ecology_poor                           8.465e+04    7.6e+04      1.114      0.265   -6.43e+04    2.34e+05
ecology_satisfactory                   8.631e+05   8.76e+04      9.855      0.000    6.91e+05    1.03e+06
==============================================================================
Omnibus:                    27308.290   Durbin-Watson:                   1.872
Prob(Omnibus):                  0.000   Jarque-Bera (JB):           391936.568
Skew:                           0.231   Prob(JB):                         0.00
Kurtosis:                      10.184   Cond. No.                     1.29e+16
==============================================================================

Notes:
[1] Standard Errors assume that the covariance matrix of the errors is correctly specified.
[2] The smallest eigenvalue is 3.46e-12. This might indicate that there are
strong multicollinearity problems or that the design matrix is singular.
